  0.59999999999999998     
           2
   5.0000000000000001E-003  0.49198147764960121     
   1.0000000000000000E-002  0.48702659384033287     
   1.4999999999999999E-002  0.48241352902131684     
   2.0000000000000000E-002  0.47795539268049914     
   2.5000000000000001E-002  0.47358766007655512     
   2.9999999999999999E-002  0.46927983772039022     
   3.5000000000000003E-002  0.46501496261765585     
   4.0000000000000001E-002  0.46078258583446019     
   4.4999999999999998E-002  0.45657580341588333     
   5.0000000000000003E-002  0.45238981427580033     
   5.5000000000000000E-002  0.44822114769942456     
   5.9999999999999998E-002  0.44406721796143778     
   6.5000000000000002E-002  0.43992605237067134     
   7.0000000000000007E-002  0.43579611738018509     
   7.4999999999999997E-002  0.43167620312213428     
   8.0000000000000002E-002  0.42756534429089027     
   8.5000000000000006E-002  0.42346276448247439     
   8.9999999999999997E-002  0.41936783615427042     
   9.5000000000000001E-002  0.41528005127610684     
  0.10000000000000001       0.41119899947927413     
  0.10500000000000000       0.40712435158049487     
  0.11000000000000000       0.40305584703740827     
  0.11500000000000000       0.39899328433472386     
  0.12000000000000000       0.39493651359520504     
  0.12500000000000000       0.39088543091045524     
  0.13000000000000000       0.38683997402588999     
  0.13500000000000001       0.38280011911284911     
  0.14000000000000001       0.37876587843177784     
  0.14499999999999999       0.37473729874243727     
  0.14999999999999999       0.37071446035597028     
  0.15500000000000000       0.36669747675327707     
  0.16000000000000000       0.36268649471726755     
  0.16500000000000001       0.35868169494505098     
  0.17000000000000001       0.35468329312136720     
  0.17499999999999999       0.35069154144756609     
  0.17999999999999999       0.34670673063192303     
  0.18500000000000000       0.34272919235762117     
  0.19000000000000000       0.33875930225477280     
  0.19500000000000001       0.33479748341273469     
  0.20000000000000001       0.33084421047899903     
  0.20499999999999999       0.32690001440133926     
  0.20999999999999999       0.32296548788085994     
  0.21500000000000000       0.31904129161529715     
  0.22000000000000000       0.31512816142445621     
  0.22500000000000001       0.31122691636310795     
  0.23000000000000001       0.30733846794098163     
  0.23499999999999999       0.30346383058456211     
  0.23999999999999999       0.29960413349095255     
  0.24500000000000000       0.29576063403961250     
  0.25000000000000000       0.29193473294255273     
  0.25500000000000000       0.28812799132637218     
  0.26000000000000001       0.28434214994861323     
  0.26500000000000001       0.28057915075378664     
  0.27000000000000002       0.27684116096757194     
  0.27500000000000002       0.27313059990628596     
  0.28000000000000003       0.26945016863620047     
  0.28499999999999998       0.26580288254498080     
  0.28999999999999998       0.26219210677407678     
  0.29499999999999998       0.25862159429191006     
  0.29999999999999999       0.25509552614528391     
  0.30499999999999999       0.25161855308923992     
  0.31000000000000000       0.24819583733931977     
  0.31500000000000000       0.24483309258925551     
  0.32000000000000001       0.24153661966791140     
  0.32500000000000001       0.23831333425607018     
  0.33000000000000002       0.23517078194787946     
  0.33500000000000002       0.23211713465608852     
  0.34000000000000002       0.22916116100734865     
  0.34499999999999997       0.22631216211000654     
  0.34999999999999998       0.22357986315620523     
  0.35499999999999998       0.22097425111391847     
  0.35999999999999999       0.21850534976162000     
  0.36499999999999999       0.21618292608913053     
  0.37000000000000000       0.21401612719004240     
  0.37500000000000000       0.21201305457582090     
  0.38000000000000000       0.21018029328615717     
  0.38500000000000001       0.20852242546814545     
  0.39000000000000001       0.20704157050728292     
  0.39500000000000002       0.20573700359679897     
  0.40000000000000002       0.20460490848335725     
  0.40500000000000003       0.20363831487707185     
  0.40999999999999998       0.20282725489590489     
  0.41499999999999998       0.20215914673070831     
  0.41999999999999998       0.20161938144264699     
  0.42499999999999999       0.20119205708716947     
  0.42999999999999999       0.20086078078595787     
  0.43500000000000000       0.20060945000903130     
  0.44000000000000000       0.20042293155355126     
  0.44500000000000001       0.20028757830006427     
  0.45000000000000001       0.20019155383798287     
  0.45500000000000002       0.20012496595430085     
  0.46000000000000002       0.20007983515369746     
  0.46500000000000002       0.20004993987725411     
  0.46999999999999997       0.20003058515551525     
  0.47499999999999998       0.20001833788994280     
  0.47999999999999998       0.20001076298412129     
  0.48499999999999999       0.20000618345806359     
  0.48999999999999999       0.20000347709066452     
  0.49500000000000000       0.20000191361884911     
  0.50000000000000000       0.20000103066159775     
  0.50500000000000000       0.20000054320156629     
  0.51000000000000001       0.20000028012327098     
  0.51500000000000001       0.20000014133019450     
  0.52000000000000002       0.20000006975372345     
  0.52500000000000002       0.20000003367361113     
  0.53000000000000003       0.20000001589785152     
  0.53500000000000003       0.20000000733910003     
  0.54000000000000004       0.20000000331225373     
  0.54500000000000004       0.20000000146114075     
  0.55000000000000004       0.20000000062986642     
  0.55500000000000005       0.20000000026526524     
  0.56000000000000005       0.20000000010910893     
  0.56499999999999995       0.20000000004381704     
  0.56999999999999995       0.20000000001717363     
  0.57499999999999996       0.20000000000656634     
  0.57999999999999996       0.20000000000244791     
  0.58499999999999996       0.20000000000088924     
  0.58999999999999997       0.20000000000031451     
  0.59499999999999997       0.20000000000010817     
  0.59999999999999998       0.20000000000003615     
  0.60499999999999998       0.20000000000001167     
  0.60999999999999999       0.20000000000000365     
  0.61499999999999999       0.20000000000000104     
  0.62000000000000000       0.20000000000000023     
  0.62500000000000000       0.20000000000000001     
  0.63000000000000000       0.20000000000000001     
  0.63500000000000001       0.20000000000000001     
  0.64000000000000001       0.20000000000000001     
  0.64500000000000002       0.20000000000000001     
  0.65000000000000002       0.20000000000000001     
  0.65500000000000003       0.20000000000000001     
  0.66000000000000003       0.20000000000000001     
  0.66500000000000004       0.20000000000000001     
  0.67000000000000004       0.20000000000000001     
  0.67500000000000004       0.20000000000000001     
  0.68000000000000005       0.20000000000000001     
  0.68500000000000005       0.20000000000000001     
  0.68999999999999995       0.20000000000000001     
  0.69499999999999995       0.20000000000000001     
  0.69999999999999996       0.20000000000000001     
  0.70499999999999996       0.20000000000000001     
  0.70999999999999996       0.20000000000000001     
  0.71499999999999997       0.20000000000000001     
  0.71999999999999997       0.20000000000000001     
  0.72499999999999998       0.20000000000000001     
  0.72999999999999998       0.19999999999999998     
  0.73499999999999999       0.19999999999999996     
  0.73999999999999999       0.19999999999999993     
  0.74500000000000000       0.19999999999999990     
  0.75000000000000000       0.19999999999999990     
  0.75500000000000000       0.19999999999999990     
  0.76000000000000001       0.19999999999999990     
  0.76500000000000001       0.19999999999999990     
  0.77000000000000002       0.19999999999999990     
  0.77500000000000002       0.19999999999999990     
  0.78000000000000003       0.19999999999999990     
  0.78500000000000003       0.19999999999999990     
  0.79000000000000004       0.19999999999999990     
  0.79500000000000004       0.19999999999999990     
  0.80000000000000004       0.19999999999999990     
  0.80500000000000005       0.19999999999999990     
  0.81000000000000005       0.19999999999999990     
  0.81499999999999995       0.19999999999999990     
  0.81999999999999995       0.19999999999999990     
  0.82499999999999996       0.19999999999999990     
  0.82999999999999996       0.19999999999999990     
  0.83499999999999996       0.19999999999999990     
  0.83999999999999997       0.19999999999999990     
  0.84499999999999997       0.19999999999999990     
  0.84999999999999998       0.19999999999999990     
  0.85499999999999998       0.19999999999999990     
  0.85999999999999999       0.19999999999999990     
  0.86499999999999999       0.19999999999999990     
  0.87000000000000000       0.19999999999999990     
  0.87500000000000000       0.19999999999999990     
  0.88000000000000000       0.19999999999999990     
  0.88500000000000001       0.19999999999999990     
  0.89000000000000001       0.19999999999999990     
  0.89500000000000002       0.19999999999999990     
  0.90000000000000002       0.19999999999999990     
  0.90500000000000003       0.19999999999999990     
  0.91000000000000003       0.19999999999999990     
  0.91500000000000004       0.19999999999999990     
  0.92000000000000004       0.19999999999999990     
  0.92500000000000004       0.19999999999999990     
  0.93000000000000005       0.19999999999999990     
  0.93500000000000005       0.19999999999999990     
  0.93999999999999995       0.19999999999999990     
  0.94499999999999995       0.19999999999999990     
  0.94999999999999996       0.19999999999999993     
  0.95499999999999996       0.19999999999999996     
  0.95999999999999996       0.19999999999999998     
  0.96499999999999997       0.20000000000000001     
  0.96999999999999997       0.20000000000000001     
  0.97499999999999998       0.20000000000000001     
  0.97999999999999998       0.20000000000000001     
  0.98499999999999999       0.20000000000000001     
  0.98999999999999999       0.20000000000000001     
  0.99500000000000000       0.20000000000000001     
   1.0000000000000000       0.20000000000000001     
   1.0049999999999999       0.20000000000000007     
   1.0100000000000000       0.20000000000000007     
   1.0149999999999999       0.20000000000000007     
   1.0200000000000000       0.20000000000000007     
   1.0249999999999999       0.20000000000000007     
   1.0300000000000000       0.20000000000000007     
   1.0349999999999999       0.20000000000000007     
   1.0400000000000000       0.20000000000000007     
   1.0449999999999999       0.20000000000000007     
   1.0500000000000000       0.20000000000000007     
   1.0549999999999999       0.20000000000000007     
   1.0600000000000001       0.20000000000000007     
   1.0649999999999999       0.20000000000000007     
   1.0700000000000001       0.20000000000000007     
   1.0750000000000000       0.20000000000000007     
   1.0800000000000001       0.20000000000000007     
   1.0850000000000000       0.20000000000000007     
   1.0900000000000001       0.20000000000000007     
   1.0950000000000000       0.20000000000000007     
   1.1000000000000001       0.20000000000000007     
   1.1050000000000000       0.20000000000000007     
   1.1100000000000001       0.20000000000000012     
   1.1150000000000000       0.20000000000000046     
   1.1200000000000001       0.20000000000000201     
   1.1250000000000000       0.20000000000000928     
   1.1299999999999999       0.20000000000004162     
   1.1350000000000000       0.20000000000018051     
   1.1399999999999999       0.20000000000075807     
   1.1450000000000000       0.20000000000309043     
   1.1499999999999999       0.20000000001225976     
   1.1550000000000000       0.20000000004745336     
   1.1599999999999999       0.20000000017970929     
   1.1650000000000000       0.20000000066771445     
   1.1699999999999999       0.20000000244066493     
   1.1750000000000000       0.20000000879962063     
   1.1799999999999999       0.20000003137150035     
   1.1850000000000001       0.20000011084361335     
   1.1899999999999999       0.20000038892727687     
   1.1950000000000001       0.20000135756604362     
   1.2000000000000000       0.20000472070274961     
   1.2050000000000001       0.20001637140075412     
   1.2100000000000000       0.20005666697290628     
   1.2150000000000001       0.20019582299643740     
   1.2200000000000000       0.20067509916383836     
   1.2250000000000001       0.20231327642579436     
   1.2300000000000000       0.20777510584138864     
   1.2350000000000001       0.22459219034052863     
   1.2400000000000000       0.26598275892019441     
   1.2450000000000001       0.32903560911798818     
   1.2500000000000000       0.37647969551703442     
   1.2549999999999999       0.39437099027161776     
   1.2600000000000000       0.39880761143384524     
   1.2649999999999999       0.39975499625219363     
   1.2700000000000000       0.39994998734239678     
   1.2749999999999999       0.39998980525685462     
   1.2800000000000000       0.39999792263946959     
   1.2849999999999999       0.39999957678401576     
   1.2900000000000000       0.39999991379772837     
   1.2949999999999999       0.39999998244715707     
   1.3000000000000000       0.39999999642729861     
   1.3049999999999999       0.39999999927323115     
   1.3100000000000001       0.39999999985227508     
   1.3149999999999999       0.39999999997000496     
   1.3200000000000001       0.39999999999391822     
   1.3250000000000000       0.39999999999876917     
   1.3300000000000001       0.39999999999975167     
   1.3350000000000000       0.39999999999995012     
   1.3400000000000001       0.39999999999999003     
   1.3450000000000000       0.39999999999999808     
   1.3500000000000001       0.39999999999999963     
   1.3550000000000000       0.40000000000000002     
   1.3600000000000001       0.40000000000000002     
   1.3650000000000000       0.40000000000000002     
   1.3700000000000001       0.40000000000000002     
   1.3750000000000000       0.40000000000000002     
   1.3799999999999999       0.40000000000000002     
   1.3850000000000000       0.40000000000000002     
   1.3899999999999999       0.40000000000000002     
   1.3950000000000000       0.40000000000000002     
   1.3999999999999999       0.40000000000000002     
   1.4050000000000000       0.40000000000000002     
   1.4099999999999999       0.40000000000000002     
   1.4150000000000000       0.40000000000000002     
   1.4199999999999999       0.40000000000000002     
   1.4250000000000000       0.40000000000000002     
   1.4299999999999999       0.40000000000000002     
   1.4350000000000001       0.40000000000000002     
   1.4399999999999999       0.40000000000000002     
   1.4450000000000001       0.40000000000000002     
   1.4500000000000000       0.40000000000000002     
   1.4550000000000001       0.40000000000000002     
   1.4600000000000000       0.40000000000000002     
   1.4650000000000001       0.40000000000000002     
   1.4700000000000000       0.40000000000000002     
   1.4750000000000001       0.40000000000000002     
   1.4800000000000000       0.40000000000000002     
   1.4850000000000001       0.40000000000000002     
   1.4900000000000000       0.40000000000000002     
   1.4950000000000001       0.40000000000000002     
   1.5000000000000000       0.40000000000000002     
   1.5049999999999999       0.40000000000000002     
   1.5100000000000000       0.40000000000000002     
   1.5149999999999999       0.40000000000000002     
   1.5200000000000000       0.40000000000000002     
   1.5249999999999999       0.40000000000000002     
   1.5300000000000000       0.40000000000000002     
   1.5349999999999999       0.40000000000000002     
   1.5400000000000000       0.40000000000000002     
   1.5449999999999999       0.40000000000000002     
   1.5500000000000000       0.40000000000000002     
   1.5549999999999999       0.40000000000000002     
   1.5600000000000001       0.40000000000000002     
   1.5649999999999999       0.40000000000000002     
   1.5700000000000001       0.40000000000000002     
   1.5750000000000000       0.40000000000000002     
   1.5800000000000001       0.40000000000000002     
   1.5850000000000000       0.40000000000000002     
   1.5900000000000001       0.40000000000000002     
   1.5950000000000000       0.40000000000000002     
   1.6000000000000001       0.40000000000000002     
   1.6050000000000000       0.40000000000000002     
   1.6100000000000001       0.40000000000000002     
   1.6150000000000000       0.40000000000000002     
   1.6200000000000001       0.40000000000000002     
   1.6250000000000000       0.40000000000000002     
   1.6299999999999999       0.40000000000000002     
   1.6350000000000000       0.40000000000000002     
   1.6399999999999999       0.40000000000000002     
   1.6450000000000000       0.40000000000000002     
   1.6499999999999999       0.40000000000000002     
   1.6550000000000000       0.40000000000000002     
   1.6599999999999999       0.40000000000000002     
   1.6650000000000000       0.40000000000000002     
   1.6699999999999999       0.40000000000000002     
   1.6750000000000000       0.40000000000000002     
   1.6799999999999999       0.40000000000000002     
   1.6850000000000001       0.40000000000000002     
   1.6899999999999999       0.40000000000000002     
   1.6950000000000001       0.40000000000000002     
   1.7000000000000000       0.40000000000000002     
   1.7050000000000001       0.40000000000000002     
   1.7100000000000000       0.40000000000000002     
   1.7150000000000001       0.40000000000000002     
   1.7200000000000000       0.40000000000000002     
   1.7250000000000001       0.40000000000000002     
   1.7300000000000000       0.40000000000000002     
   1.7350000000000001       0.40000000000000002     
   1.7400000000000000       0.40000000000000002     
   1.7450000000000001       0.40000000000000002     
   1.7500000000000000       0.40000000000000002     
   1.7549999999999999       0.40000000000000002     
   1.7600000000000000       0.40000000000000002     
   1.7649999999999999       0.40000000000000002     
   1.7700000000000000       0.40000000000000002     
   1.7749999999999999       0.40000000000000002     
   1.7800000000000000       0.40000000000000002     
   1.7849999999999999       0.40000000000000002     
   1.7900000000000000       0.40000000000000002     
   1.7949999999999999       0.40000000000000002     
   1.8000000000000000       0.40000000000000002     
   1.8049999999999999       0.40000000000000002     
   1.8100000000000001       0.40000000000000002     
   1.8149999999999999       0.40000000000000002     
   1.8200000000000001       0.47206639837384168     
   1.8250000000000000       0.83041854205522381     
   1.8300000000000001       0.89758710545197107     
   1.8350000000000000       0.89993004068888038     
   1.8400000000000001       0.89999797356246714     
   1.8450000000000000       0.89999994160298580     
   1.8500000000000001       0.89999999831478927     
   1.8550000000000000       0.89999999995127777     
   1.8600000000000001       0.89999999999859503     
   1.8650000000000000       0.89999999999995928     
   1.8700000000000001       0.89999999999999880     
   1.8750000000000000       0.89999999999999991     
   1.8799999999999999       0.89999999999999991     
   1.8850000000000000       0.89999999999999991     
   1.8899999999999999       0.89999999999999991     
   1.8950000000000000       0.89999999999999991     
   1.8999999999999999       0.89999999999999991     
   1.9050000000000000       0.89999999999999991     
   1.9099999999999999       0.89999999999999991     
   1.9150000000000000       0.89999999999999991     
   1.9199999999999999       0.89999999999999991     
   1.9250000000000000       0.89999999999999991     
   1.9299999999999999       0.89999999999999991     
   1.9350000000000001       0.89999999999999991     
   1.9399999999999999       0.89999999999999991     
   1.9450000000000001       0.89999999999999991     
   1.9500000000000000       0.89999999999999991     
   1.9550000000000001       0.89999999999999991     
   1.9600000000000000       0.89999999999999991     
   1.9650000000000001       0.89999999999999991     
   1.9700000000000000       0.89999999999999991     
   1.9750000000000001       0.89999999999999991     
   1.9800000000000000       0.89999999999999991     
   1.9850000000000001       0.89999999999999991     
   1.9900000000000000       0.89999999999999991     
   1.9950000000000001       0.89999999999999991     
   2.0000000000000000       0.89999999999999991     
   2.0049999999999999       0.90000000000000002     
   2.0099999999999998       0.90000000000000002     
   2.0150000000000001       0.90000000000000002     
   2.0200000000000000       0.90000000000000002     
   2.0249999999999999       0.90000000000000002     
   2.0299999999999998       0.90000000000000002     
   2.0350000000000001       0.90000000000000002     
   2.0400000000000000       0.90000000000000002     
   2.0449999999999999       0.90000000000000002     
   2.0499999999999998       0.90000000000000002     
   2.0550000000000002       0.90000000000000002     
   2.0600000000000001       0.90000000000000002     
   2.0649999999999999       0.90000000000000002     
   2.0699999999999998       0.90000000000000002     
   2.0750000000000002       0.90000000000000002     
   2.0800000000000001       0.90000000000000002     
   2.0850000000000000       0.90000000000000002     
   2.0899999999999999       0.90000000000000002     
   2.0950000000000002       0.90000000000000002     
   2.1000000000000001       0.90000000000000002     
   2.1050000000000000       0.90000000000000002     
   2.1099999999999999       0.90000000000000002     
   2.1150000000000002       0.90000000000000002     
   2.1200000000000001       0.90000000000000002     
   2.1250000000000000       0.90000000000000002     
   2.1299999999999999       0.90000000000000002     
   2.1349999999999998       0.90000000000000002     
   2.1400000000000001       0.90000000000000002     
   2.1450000000000000       0.90000000000000002     
   2.1499999999999999       0.90000000000000002     
   2.1549999999999998       0.90000000000000002     
   2.1600000000000001       0.90000000000000002     
   2.1650000000000000       0.90000000000000002     
   2.1699999999999999       0.90000000000000002     
   2.1749999999999998       0.90000000000000002     
   2.1800000000000002       0.90000000000000002     
   2.1850000000000001       0.90000000000000002     
   2.1899999999999999       0.90000000000000002     
   2.1949999999999998       0.90000000000000002     
   2.2000000000000002       0.90000000000000002     
   2.2050000000000001       0.90000000000000002     
   2.2100000000000000       0.90000000000000002     
   2.2149999999999999       0.90000000000000002     
   2.2200000000000002       0.90000000000000002     
   2.2250000000000001       0.90000000000000002     
   2.2300000000000000       0.90000000000000002     
   2.2349999999999999       0.90000000000000002     
   2.2400000000000002       0.90000000000000002     
   2.2450000000000001       0.90000000000000002     
   2.2500000000000000       0.90000000000000002     
   2.2549999999999999       0.90000000000000002     
   2.2599999999999998       0.90000000000000002     
   2.2650000000000001       0.90000000000000002     
   2.2700000000000000       0.90000000000000002     
   2.2749999999999999       0.90000000000000002     
   2.2799999999999998       0.90000000000000002     
   2.2850000000000001       0.90000000000000002     
   2.2900000000000000       0.90000000000000002     
   2.2949999999999999       0.90000000000000002     
   2.2999999999999998       0.90000000000000002     
   2.3050000000000002       0.90000000000000002     
   2.3100000000000001       0.90000000000000002     
   2.3149999999999999       0.90000000000000002     
   2.3199999999999998       0.90000000000000002     
   2.3250000000000002       0.90000000000000002     
   2.3300000000000001       0.90000000000000002     
   2.3350000000000000       0.90000000000000002     
   2.3399999999999999       0.90000000000000002     
   2.3450000000000002       0.90000000000000002     
   2.3500000000000001       0.90000000000000002     
   2.3550000000000000       0.90000000000000002     
   2.3599999999999999       0.90000000000000002     
   2.3650000000000002       0.90000000000000002     
   2.3700000000000001       0.90000000000000002     
   2.3750000000000000       0.90000000000000002     
   2.3799999999999999       0.90000000000000002     
   2.3849999999999998       0.90000000000000002     
   2.3900000000000001       0.90000000000000002     
   2.3950000000000000       0.90000000000000002     
   2.3999999999999999       0.90000000000000002     
   2.4049999999999998       0.90000000000000002     
   2.4100000000000001       0.90000000000000002     
   2.4150000000000000       0.90000000000000002     
   2.4199999999999999       0.90000000000000002     
   2.4249999999999998       0.90000000000000002     
   2.4300000000000002       0.90000000000000002     
   2.4350000000000001       0.90000000000000002     
   2.4399999999999999       0.90000000000000002     
   2.4449999999999998       0.90000000000000002     
   2.4500000000000002       0.90000000000000002     
   2.4550000000000001       0.90000000000000002     
   2.4600000000000000       0.90000000000000002     
   2.4649999999999999       0.90000000000000002     
   2.4700000000000002       0.90000000000000002     
   2.4750000000000001       0.90000000000000002     
   2.4800000000000000       0.90000000000000002     
   2.4849999999999999       0.90000000000000002     
   2.4900000000000002       0.90000000000000002     
   2.4950000000000001       0.90000000000000002     
   2.5000000000000000       0.90000000000000002     
   2.5049999999999999       0.90000000000000002     
   2.5099999999999998       0.90000000000000002     
   2.5150000000000001       0.90000000000000002     
   2.5200000000000000       0.90000000000000002     
   2.5249999999999999       0.90000000000000002     
   2.5299999999999998       0.90000000000000002     
   2.5350000000000001       0.90000000000000002     
   2.5400000000000000       0.90000000000000002     
   2.5449999999999999       0.90000000000000002     
   2.5499999999999998       0.90000000000000002     
   2.5550000000000002       0.90000000000000002     
   2.5600000000000001       0.90000000000000002     
   2.5649999999999999       0.90000000000000002     
   2.5699999999999998       0.90000000000000002     
   2.5750000000000002       0.90000000000000002     
   2.5800000000000001       0.90000000000000002     
   2.5850000000000000       0.90000000000000002     
   2.5899999999999999       0.90000000000000002     
   2.5950000000000002       0.90000000000000002     
   2.6000000000000001       0.90000000000000002     
   2.6050000000000000       0.90000000000000002     
   2.6099999999999999       0.90000000000000002     
   2.6150000000000002       0.90000000000000002     
   2.6200000000000001       0.90000000000000002     
   2.6250000000000000       0.90000000000000002     
   2.6299999999999999       0.90000000000000002     
   2.6349999999999998       0.90000000000000002     
   2.6400000000000001       0.90000000000000002     
   2.6450000000000000       0.90000000000000002     
   2.6499999999999999       0.90000000000000002     
   2.6549999999999998       0.90000000000000002     
   2.6600000000000001       0.90000000000000002     
   2.6650000000000000       0.90000000000000002     
   2.6699999999999999       0.90000000000000002     
   2.6749999999999998       0.90000000000000002     
   2.6800000000000002       0.90000000000000002     
   2.6850000000000001       0.90000000000000002     
   2.6899999999999999       0.90000000000000002     
   2.6949999999999998       0.90000000000000002     
   2.7000000000000002       0.90000000000000002     
   2.7050000000000001       0.90000000000000002     
   2.7100000000000000       0.90000000000000002     
   2.7149999999999999       0.90000000000000002     
   2.7200000000000002       0.90000000000000002     
   2.7250000000000001       0.90000000000000002     
   2.7300000000000000       0.90000000000000002     
   2.7349999999999999       0.90000000000000002     
   2.7400000000000002       0.90000000000000002     
   2.7450000000000001       0.90000000000000002     
   2.7500000000000000       0.90000000000000002     
   2.7549999999999999       0.90000000000000002     
   2.7599999999999998       0.90000000000000002     
   2.7650000000000001       0.90000000000000002     
   2.7700000000000000       0.90000000000000002     
   2.7749999999999999       0.90000000000000002     
   2.7799999999999998       0.90000000000000002     
   2.7850000000000001       0.90000000000000002     
   2.7900000000000000       0.90000000000000002     
   2.7949999999999999       0.90000000000000002     
   2.7999999999999998       0.90000000000000002     
   2.8050000000000002       0.90000000000000002     
   2.8100000000000001       0.90000000000000002     
   2.8149999999999999       0.90000000000000002     
   2.8199999999999998       0.90000000000000002     
   2.8250000000000002       0.90000000000000002     
   2.8300000000000001       0.90000000000000002     
   2.8350000000000000       0.90000000000000002     
   2.8399999999999999       0.90000000000000002     
   2.8450000000000002       0.90000000000000002     
   2.8500000000000001       0.90000000000000002     
   2.8550000000000000       0.90000000000000002     
   2.8599999999999999       0.90000000000000002     
   2.8650000000000002       0.90000000000000002     
   2.8700000000000001       0.90000000000000002     
   2.8750000000000000       0.90000000000000002     
   2.8799999999999999       0.90000000000000002     
   2.8849999999999998       0.90000000000000002     
   2.8900000000000001       0.90000000000000002     
   2.8950000000000000       0.90000000000000002     
   2.8999999999999999       0.90000000000000002     
   2.9049999999999998       0.90000000000000002     
   2.9100000000000001       0.90000000000000002     
   2.9150000000000000       0.90000000000000002     
   2.9199999999999999       0.90000000000000002     
   2.9249999999999998       0.90000000000000002     
   2.9300000000000002       0.90000000000000002     
   2.9350000000000001       0.90000000000000002     
   2.9399999999999999       0.90000000000000002     
   2.9449999999999998       0.90000000000000002     
   2.9500000000000002       0.90000000000000002     
   2.9550000000000001       0.90000000000000002     
   2.9600000000000000       0.90000000000000002     
   2.9649999999999999       0.90000000000000002     
   2.9700000000000002       0.90000000000000002     
   2.9750000000000001       0.90000000000000002     
   2.9800000000000000       0.90000000000000002     
   2.9849999999999999       0.90000000000000002     
   2.9900000000000002       0.90000000000000002     
   2.9950000000000001       0.90000000000000002     
   3.0000000000000000       0.90000000000000002     
   3.0049999999999999       0.90000000000000002     
   3.0099999999999998       0.90000000000000002     
   3.0150000000000001       0.90000000000000002     
   3.0200000000000000       0.90000000000000002     
   3.0249999999999999       0.90000000000000002     
   3.0299999999999998       0.90000000000000002     
   3.0350000000000001       0.90000000000000002     
   3.0400000000000000       0.90000000000000002     
   3.0449999999999999       0.90000000000000002     
   3.0499999999999998       0.90000000000000002     
   3.0550000000000002       0.90000000000000002     
   3.0600000000000001       0.90000000000000002     
   3.0649999999999999       0.90000000000000002     
   3.0699999999999998       0.90000000000000002     
   3.0750000000000002       0.90000000000000002     
   3.0800000000000001       0.90000000000000002     
   3.0850000000000000       0.90000000000000002     
   3.0899999999999999       0.90000000000000002     
   3.0950000000000002       0.90000000000000002     
   3.1000000000000001       0.90000000000000002     
   3.1050000000000000       0.90000000000000002     
   3.1099999999999999       0.90000000000000002     
   3.1150000000000002       0.90000000000000002     
   3.1200000000000001       0.90000000000000002     
   3.1250000000000000       0.90000000000000002     
   3.1299999999999999       0.90000000000000002     
   3.1349999999999998       0.90000000000000002     
   3.1400000000000001       0.90000000000000002     
   3.1450000000000000       0.90000000000000002     
   3.1499999999999999       0.90000000000000002     
   3.1549999999999998       0.90000000000000002     
   3.1600000000000001       0.90000000000000002     
   3.1650000000000000       0.90000000000000002     
   3.1699999999999999       0.90000000000000002     
   3.1749999999999998       0.90000000000000002     
   3.1800000000000002       0.90000000000000002     
   3.1850000000000001       0.90000000000000002     
   3.1899999999999999       0.90000000000000002     
   3.1949999999999998       0.90000000000000002     
   3.2000000000000002       0.90000000000000002     
   3.2050000000000001       0.90000000000000002     
   3.2100000000000000       0.90000000000000002     
   3.2149999999999999       0.90000000000000002     
   3.2200000000000002       0.90000000000000002     
   3.2250000000000001       0.90000000000000002     
   3.2300000000000000       0.90000000000000002     
   3.2349999999999999       0.90000000000000002     
   3.2400000000000002       0.90000000000000002     
   3.2450000000000001       0.90000000000000002     
   3.2500000000000000       0.90000000000000002     
   3.2549999999999999       0.90000000000000002     
   3.2599999999999998       0.90000000000000002     
   3.2650000000000001       0.90000000000000002     
   3.2700000000000000       0.90000000000000002     
   3.2749999999999999       0.90000000000000002     
   3.2799999999999998       0.90000000000000002     
   3.2850000000000001       0.90000000000000002     
   3.2900000000000000       0.90000000000000002     
   3.2949999999999999       0.90000000000000002     
   3.2999999999999998       0.90000000000000002     
   3.3050000000000002       0.90000000000000002     
   3.3100000000000001       0.90000000000000002     
   3.3149999999999999       0.90000000000000002     
   3.3199999999999998       0.90000000000000002     
   3.3250000000000002       0.90000000000000002     
   3.3300000000000001       0.90000000000000002     
   3.3350000000000000       0.90000000000000002     
   3.3399999999999999       0.90000000000000002     
   3.3450000000000002       0.90000000000000002     
   3.3500000000000001       0.90000000000000002     
   3.3550000000000000       0.90000000000000002     
   3.3599999999999999       0.90000000000000002     
   3.3650000000000002       0.90000000000000002     
   3.3700000000000001       0.90000000000000002     
   3.3750000000000000       0.90000000000000002     
   3.3799999999999999       0.90000000000000002     
   3.3849999999999998       0.90000000000000002     
   3.3900000000000001       0.90000000000000002     
   3.3950000000000000       0.90000000000000002     
   3.3999999999999999       0.90000000000000002     
   3.4049999999999998       0.90000000000000002     
   3.4100000000000001       0.90000000000000002     
   3.4150000000000000       0.90000000000000002     
   3.4199999999999999       0.90000000000000002     
   3.4249999999999998       0.90000000000000002     
   3.4300000000000002       0.90000000000000002     
   3.4350000000000001       0.90000000000000002     
   3.4399999999999999       0.90000000000000002     
   3.4449999999999998       0.90000000000000002     
   3.4500000000000002       0.90000000000000002     
   3.4550000000000001       0.90000000000000002     
   3.4600000000000000       0.90000000000000002     
   3.4649999999999999       0.90000000000000002     
   3.4700000000000002       0.90000000000000002     
   3.4750000000000001       0.90000000000000002     
   3.4800000000000000       0.90000000000000002     
   3.4849999999999999       0.90000000000000002     
   3.4900000000000002       0.90000000000000002     
   3.4950000000000001       0.90000000000000002     
   3.5000000000000000       0.90000000000000002     
   3.5049999999999999       0.90000000000000002     
   3.5099999999999998       0.90000000000000002     
   3.5150000000000001       0.90000000000000002     
   3.5200000000000000       0.90000000000000002     
   3.5249999999999999       0.90000000000000002     
   3.5299999999999998       0.90000000000000002     
   3.5350000000000001       0.90000000000000002     
   3.5400000000000000       0.90000000000000002     
   3.5449999999999999       0.90000000000000002     
   3.5499999999999998       0.90000000000000002     
   3.5550000000000002       0.90000000000000002     
   3.5600000000000001       0.90000000000000002     
   3.5649999999999999       0.90000000000000002     
   3.5699999999999998       0.90000000000000002     
   3.5750000000000002       0.90000000000000002     
   3.5800000000000001       0.90000000000000002     
   3.5850000000000000       0.90000000000000002     
   3.5899999999999999       0.90000000000000002     
   3.5950000000000002       0.90000000000000002     
   3.6000000000000001       0.90000000000000002     
   3.6050000000000000       0.90000000000000002     
   3.6099999999999999       0.90000000000000002     
   3.6150000000000002       0.90000000000000002     
   3.6200000000000001       0.90000000000000002     
   3.6250000000000000       0.90000000000000002     
   3.6299999999999999       0.90000000000000002     
   3.6349999999999998       0.90000000000000002     
   3.6400000000000001       0.90000000000000002     
   3.6450000000000000       0.90000000000000002     
   3.6499999999999999       0.90000000000000002     
   3.6549999999999998       0.90000000000000002     
   3.6600000000000001       0.90000000000000002     
   3.6650000000000000       0.90000000000000002     
   3.6699999999999999       0.90000000000000002     
   3.6749999999999998       0.90000000000000002     
   3.6800000000000002       0.90000000000000002     
   3.6850000000000001       0.90000000000000002     
   3.6899999999999999       0.90000000000000002     
   3.6949999999999998       0.90000000000000002     
   3.7000000000000002       0.90000000000000002     
   3.7050000000000001       0.90000000000000002     
   3.7100000000000000       0.90000000000000002     
   3.7149999999999999       0.90000000000000002     
   3.7200000000000002       0.90000000000000002     
   3.7250000000000001       0.90000000000000002     
   3.7300000000000000       0.90000000000000002     
   3.7349999999999999       0.90000000000000002     
   3.7400000000000002       0.90000000000000002     
   3.7450000000000001       0.90000000000000002     
   3.7500000000000000       0.90000000000000002     
   3.7549999999999999       0.90000000000000002     
   3.7599999999999998       0.90000000000000002     
   3.7650000000000001       0.90000000000000002     
   3.7700000000000000       0.90000000000000002     
   3.7749999999999999       0.90000000000000002     
   3.7799999999999998       0.90000000000000002     
   3.7850000000000001       0.90000000000000002     
   3.7900000000000000       0.90000000000000002     
   3.7949999999999999       0.90000000000000002     
   3.7999999999999998       0.90000000000000002     
   3.8050000000000002       0.90000000000000002     
   3.8100000000000001       0.90000000000000002     
   3.8149999999999999       0.90000000000000002     
   3.8199999999999998       0.90000000000000002     
   3.8250000000000002       0.90000000000000002     
   3.8300000000000001       0.90000000000000002     
   3.8350000000000000       0.90000000000000002     
   3.8399999999999999       0.90000000000000002     
   3.8450000000000002       0.90000000000000002     
   3.8500000000000001       0.90000000000000002     
   3.8550000000000000       0.90000000000000002     
   3.8599999999999999       0.90000000000000002     
   3.8650000000000002       0.90000000000000002     
   3.8700000000000001       0.90000000000000002     
   3.8750000000000000       0.90000000000000002     
   3.8799999999999999       0.90000000000000002     
   3.8849999999999998       0.90000000000000002     
   3.8900000000000001       0.90000000000000002     
   3.8950000000000000       0.90000000000000002     
   3.8999999999999999       0.90000000000000002     
   3.9049999999999998       0.90000000000000002     
   3.9100000000000001       0.90000000000000002     
   3.9150000000000000       0.90000000000000002     
   3.9199999999999999       0.90000000000000002     
   3.9249999999999998       0.90000000000000002     
   3.9300000000000002       0.90000000000000002     
   3.9350000000000001       0.90000000000000002     
   3.9399999999999999       0.90000000000000002     
   3.9449999999999998       0.90000000000000002     
   3.9500000000000002       0.90000000000000002     
   3.9550000000000001       0.90000000000000002     
   3.9600000000000000       0.90000000000000002     
   3.9649999999999999       0.90000000000000002     
   3.9700000000000002       0.90000000000000002     
   3.9750000000000001       0.90000000000000002     
   3.9800000000000000       0.90000000000000002     
   3.9849999999999999       0.90000000000000002     
   3.9900000000000002       0.90000000000000002     
   3.9950000000000001       0.90000000000000002     
   4.0000000000000000       0.90000000000000002     
   4.0049999999999999       0.90000000000000002     
   4.0099999999999998       0.90000000000000002     
   4.0149999999999997       0.90000000000000002     
   4.0199999999999996       0.90000000000000002     
   4.0250000000000004       0.90000000000000002     
   4.0300000000000002       0.90000000000000002     
   4.0350000000000001       0.90000000000000002     
   4.0400000000000000       0.90000000000000002     
   4.0449999999999999       0.90000000000000002     
   4.0499999999999998       0.90000000000000002     
   4.0549999999999997       0.90000000000000002     
   4.0599999999999996       0.90000000000000002     
   4.0650000000000004       0.90000000000000002     
   4.0700000000000003       0.90000000000000002     
   4.0750000000000002       0.90000000000000002     
   4.0800000000000001       0.90000000000000002     
   4.0850000000000000       0.90000000000000002     
   4.0899999999999999       0.90000000000000002     
   4.0949999999999998       0.90000000000000002     
   4.0999999999999996       0.90000000000000002     
   4.1050000000000004       0.90000000000000002     
   4.1100000000000003       0.90000000000000002     
   4.1150000000000002       0.90000000000000002     
   4.1200000000000001       0.90000000000000002     
   4.1250000000000000       0.90000000000000002     
   4.1299999999999999       0.90000000000000002     
   4.1349999999999998       0.90000000000000002     
   4.1399999999999997       0.90000000000000002     
   4.1449999999999996       0.90000000000000002     
   4.1500000000000004       0.90000000000000002     
   4.1550000000000002       0.90000000000000002     
   4.1600000000000001       0.90000000000000002     
   4.1650000000000000       0.90000000000000002     
   4.1699999999999999       0.90000000000000002     
   4.1749999999999998       0.90000000000000002     
   4.1799999999999997       0.90000000000000002     
   4.1849999999999996       0.90000000000000002     
   4.1900000000000004       0.90000000000000002     
   4.1950000000000003       0.90000000000000002     
   4.2000000000000002       0.90000000000000002     
   4.2050000000000001       0.90000000000000002     
   4.2100000000000000       0.90000000000000002     
   4.2149999999999999       0.90000000000000002     
   4.2199999999999998       0.90000000000000002     
   4.2249999999999996       0.90000000000000002     
   4.2300000000000004       0.90000000000000002     
   4.2350000000000003       0.90000000000000002     
   4.2400000000000002       0.90000000000000002     
   4.2450000000000001       0.90000000000000002     
   4.2500000000000000       0.90000000000000002     
   4.2549999999999999       0.90000000000000002     
   4.2599999999999998       0.89999999999999969     
   4.2649999999999997       0.89999999999999813     
   4.2699999999999996       0.89999999999999325     
   4.2750000000000004       0.89999999999997804     
   4.2800000000000002       0.89999999999993130     
   4.2850000000000001       0.89999999999979274     
   4.2900000000000000       0.89999999999939340     
   4.2949999999999999       0.89999999999827318     
   4.2999999999999998       0.89999999999521507     
   4.3049999999999997       0.89999999998708924     
   4.3099999999999996       0.89999999996606483     
   4.3150000000000004       0.89999999991308288     
   4.3200000000000003       0.89999999978300627     
   4.3250000000000002       0.89999999947179987     
   4.3300000000000001       0.89999999874606373     
   4.3350000000000000       0.89999999709605261     
   4.3399999999999999       0.89999999343788395     
   4.3449999999999998       0.89999998552755867     
   4.3499999999999996       0.89999996884133870     
   4.3550000000000004       0.89999993449914395     
   4.3600000000000003       0.89999986552722255     
   4.3650000000000002       0.89999973033466152     
   4.3700000000000001       0.89999947167677907     
   4.3750000000000000       0.89999898857169380     
   4.3799999999999999       0.89999810763385579     
   4.3849999999999998       0.89999653916516653     
   4.3899999999999997       0.89999381227813013     
   4.3949999999999996       0.89998918263028338     
   4.4000000000000004       0.89998150648993536     
   4.4050000000000002       0.89996907641751400     
   4.4100000000000001       0.89994941744658541     
   4.4150000000000000       0.89991904873385276     
   4.4199999999999999       0.89987322423672500     
   4.4249999999999998       0.89980567635599984     
   4.4299999999999997       0.89970839697815674     
   4.4349999999999996       0.89957149834848604     
   4.4400000000000004       0.89938319853960247     
   4.4450000000000003       0.89912997009283846     
   4.4500000000000002       0.89879687430784760     
   4.4550000000000001       0.89836807877236513     
   4.4600000000000000       0.89782752615125472     
   4.4649999999999999       0.89715969439216003     
   4.4699999999999998       0.89635036931520207     
   4.4749999999999996       0.89538734526638852     
   4.4800000000000004       0.89426097974614593     
   4.4850000000000003       0.89296455107493100     
   4.4900000000000002       0.89149439836720068     
   4.4950000000000001       0.88984985329345523     
   4.5000000000000000       0.88803299728364893     
   4.5049999999999999       0.88604829246376449     
   4.5099999999999998       0.88390213913501825     
   4.5149999999999997       0.88160240873024553     
   4.5199999999999996       0.87915799186195487     
   4.5250000000000004       0.87657838940146948     
   4.5300000000000002       0.87387336299652929     
   4.5350000000000001       0.87105265164127976     
   4.5400000000000000       0.86812575357793387     
   4.5449999999999999       0.86510176799140959     
   4.5499999999999998       0.86198928831540145     
   4.5549999999999997       0.85879633798734123     
   4.5599999999999996       0.85553033964309322     
   4.5650000000000004       0.85219810957595299     
   4.5700000000000003       0.84880587045180778     
   4.5750000000000002       0.84535927653388221     
   4.5800000000000001       0.84186344687779779     
   4.5850000000000000       0.83832300303060814     
   4.5899999999999999       0.83474210867306042     
   4.5949999999999998       0.83112450937920501     
   4.5999999999999996       0.82747357124493082     
   4.6050000000000004       0.82379231757817195     
   4.6100000000000003       0.82008346317181802     
   4.6150000000000002       0.81634944591823344     
   4.6200000000000001       0.81259245569170990     
   4.6250000000000000       0.80881446053894746     
   4.6299999999999999       0.80501723029146699     
   4.6349999999999998       0.80120235775849213     
   4.6399999999999997       0.79737127768265259     
   4.6449999999999996       0.79352528365017794     
   4.6500000000000004       0.78966554314676840     
   4.6550000000000002       0.78579311094349580     
   4.6600000000000001       0.78190894098637942     
   4.6650000000000000       0.77801389695045020     
   4.6699999999999999       0.77410876160535935     
   4.6749999999999998       0.77019424512573409     
   4.6799999999999997       0.76627099246603669     
   4.6849999999999996       0.76233958990698780     
   4.6900000000000004       0.75840057086882906     
   4.6950000000000003       0.75445442107591831     
   4.7000000000000002       0.75050158314738091     
   4.7050000000000001       0.74654246067975705     
   4.7100000000000000       0.74257742187973452     
   4.7149999999999999       0.73860680279806867     
   4.7199999999999998       0.73463091020959370     
   4.7249999999999996       0.73065002417874791     
   4.7300000000000004       0.72666440034518054     
   4.7350000000000003       0.72267427195973355     
   4.7400000000000002       0.71867985169730564     
   4.7450000000000001       0.71468133326976002     
   4.7500000000000000       0.71067889285907837     
   4.7549999999999999       0.70667269038832936     
   4.7599999999999998       0.70266287064567445     
   4.7649999999999997       0.69864956427452785     
   4.7699999999999996       0.69463288864109174     
   4.7750000000000004       0.69061294858875444     
   4.7800000000000002       0.68658983708724308     
   4.7850000000000001       0.68256363578293688     
   4.7900000000000000       0.67853441545532467     
   4.7949999999999999       0.67450223638321860     
   4.7999999999999998       0.67046714862297363     
   4.8049999999999997       0.66642919219956898     
   4.8099999999999996       0.66238839720996379     
   4.8150000000000004       0.65834478383658079     
   4.8200000000000003       0.65429836226705818     
   4.8250000000000002       0.65024913251448246     
   4.8300000000000001       0.64619708413008192     
   4.8350000000000000       0.64214219579774634     
   4.8399999999999999       0.63808443479660237     
   4.8449999999999998       0.63402375631406038     
   4.8499999999999996       0.62996010258706769     
   4.8550000000000004       0.62589340184344455     
   4.8600000000000003       0.62182356700780772     
   4.8650000000000002       0.61775049412718130     
   4.8700000000000001       0.61367406045928374     
   4.8750000000000000       0.60959412215071418     
   4.8799999999999999       0.60551051141152223     
   4.8849999999999998       0.60142303306506106     
   4.8899999999999997       0.59733146031492046     
   4.8949999999999996       0.59323552952019620     
   4.9000000000000004       0.58913493370062076     
   4.9050000000000002       0.58502931439550643     
   4.9100000000000001       0.58091825136178321     
   4.9150000000000000       0.57680124939605404     
   4.9199999999999999       0.57267772127069272     
   4.9249999999999998       0.56854696533105664     
   4.9299999999999997       0.56440813562031766     
   4.9349999999999996       0.56026020132591869     
   4.9400000000000004       0.55610189060246618     
   4.9450000000000003       0.55193161091214715     
   4.9500000000000002       0.54774733295608868     
   4.9550000000000001       0.54354641606379983     
   4.9600000000000000       0.53932533530216586     
   4.9649999999999999       0.53507923476023855     
   4.9699999999999998       0.53080115295271546     
   4.9749999999999996       0.52648057703053852     
   4.9800000000000004       0.52210046641014896     
   4.9850000000000003       0.51763021948805288     
   4.9900000000000002       0.51300512421306832     
   4.9950000000000001       0.50803781489883681     
   5.0000000000000000       0.49198147764960121     
